7.529192429736328296e-02
8.807601759979283296e-02
8.602856714481876832e-02
9.039718314124070564e-02
1.026978080758380735e-01
1.063766567237064836e-01
1.212656820816784276e-01
1.284726449429479389e-01
1.241618757276482243e-01
1.341018024813984688e-01
1.329711793038257928e-01
1.362196947770859257e-01
1.405928281394291379e-01
1.413242124494315244e-01
1.383803395674444714e-01
1.391259649621273409e-01
1.322529633063771470e-01
1.345108387394790550e-01
1.384034724578903641e-01
1.370782325864121354e-01
1.344708477903365507e-01
1.394260714056275163e-01
1.396365269511866403e-01
1.415529661454001942e-01
1.408406076076447466e-01
1.386872898453417602e-01
1.374732982751491750e-01
1.375710267266100906e-01
1.344302742758441138e-01
1.343621496543075111e-01
1.342808907794492690e-01
1.342668458481776628e-01
1.337892650463375910e-01
1.351436102240155535e-01
1.328480994701612128e-01
1.292054386846328839e-01
1.279459634464926165e-01
1.258402010282533012e-01
1.234942583356975210e-01
1.204616237884464508e-01
1.187191120052544652e-01
1.160650065146339588e-01
1.148189133690040581e-01
1.097155187978452184e-01
1.050400836039050989e-01
1.013689094044934874e-01
9.673339255211324539e-02
9.141874891849662010e-02
8.994896885096866079e-02
8.771299279673409888e-02
8.574701580748443630e-02
8.377106878749923657e-02
8.158631984430975148e-02
7.984068639875170625e-02
7.723493444130009877e-02
7.395064272447296472e-02
7.055086845759997449e-02
6.790730964420421678e-02
6.516876376831587381e-02
6.164910039149262139e-02
5.816236740913238029e-02
5.683131380119623571e-02
5.473834590245973963e-02
5.359810380806463020e-02
