1.337243147247356134e+01
1.094352253673240583e+01
9.138254802130060028e+00
7.984422875988735235e+00
5.334081649900809907e+00
4.992134266442100454e+00
4.698867993959008338e+00
4.385273260057799050e+00
4.511125371910059023e+00
5.521778877403428432e+00
6.097253121458157565e+00
7.103739832571148938e+00
7.039990474003245069e+00
7.360546598876338109e+00
7.838985615694231690e+00
8.203529986891680892e+00
8.357321455868598647e+00
8.411370417094566676e+00
7.882757277052782285e+00
7.858966653620252707e+00
8.047539151294516913e+00
7.476383428061119218e+00
6.766628569575714458e+00
6.503704991165320415e+00
6.182234970137660213e+00
6.063722250467498576e+00
5.800967762295099028e+00
5.569095135620259818e+00
5.205099912279739449e+00
5.008320912766063948e+00
4.498045079480244013e+00
4.098850250479591395e+00
3.861749500145509550e+00
3.589997599089843838e+00
3.300238245465225262e+00
3.202858715853583504e+00
3.079928006560315179e+00
2.949849544018879666e+00
2.828295307918558876e+00
2.664420053356216123e+00
2.518325027422881224e+00
2.395548077832662770e+00
2.281948918698142315e+00
2.169775948638060559e+00
2.085862025721820334e+00
2.073654345991601033e+00
1.996920513958978738e+00
1.957390850304674190e+00
1.905940053535414735e+00
1.870173662212684773e+00
1.833006366402963438e+00
1.762751157242889111e+00
1.673456676976236013e+00
1.609342414847164671e+00
1.558382088953987443e+00
1.523747238676851357e+00
1.458281899820954131e+00
1.396738265973121118e+00
1.359115258503724055e+00
1.351722287545712886e+00
1.320752259775029636e+00
1.302825845262662208e+00
1.259366189162866689e+00
1.255675330733103889e+00
